Starting Dynare (version 5.1).
Calling Dynare with arguments: none
Starting preprocessing of the model file ...
Found 9 equation(s).
Evaluating expressions...done
Computing static model derivatives (order 1).
Computing dynamic model derivatives (order 2).
Processing outputs ...
done
Preprocessing completed.


MODEL SUMMARY

  Number of variables:         9
  Number of stochastic shocks: 3
  Number of state variables:   3
  Number of jumpers:           4
  Number of static variables:  4


MATRIX OF COVARIANCE OF EXOGENOUS SHOCKS
Variables          ea        eg        er
ea           1.000000  0.000000  0.000000
eg           0.000000  1.000000  0.000000
er           0.000000  0.000000  1.000000

POLICY AND TRANSITION FUNCTIONS
                                  pi               x              rf               i              yf               y               a               g               r
i(-1)                      -0.389701       -1.048347               0        0.485322               0       -1.048347               0               0        0.674452
a(-1)                      -0.148596       -0.235059       -0.100000       -0.075683        0.800000        0.564941        0.900000               0        0.028560
g(-1)                       0.014860        0.023506        0.010000        0.007568        0.100000        0.123506               0        0.900000       -0.002856
ea                         -0.165107       -0.261177       -0.111111       -0.084092        0.888889        0.627712        1.000000               0        0.031733
eg                          0.016511        0.026118        0.011111        0.008409        0.111111        0.137229               0        1.000000       -0.003173
er                         -0.556716       -1.497638               0        0.693317               0       -1.497638               0               0        0.963503


THEORETICAL MOMENTS
VARIABLE         MEAN  STD. DEV.   VARIANCE
pi             0.0000     0.6910     0.4775
x              0.0000     1.7445     3.0433
rf             0.0000     0.2562     0.0656
i              0.0000     0.8685     0.7542
yf             0.0000     2.0551     4.2235
y              0.0000     2.4810     6.1552
a              0.0000     2.2942     5.2632
g              0.0000     2.2942     5.2632
r              0.0000     1.1163     1.2462



VARIANCE DECOMPOSITION (in percent)
          ea      eg      er
pi     14.94    0.15   84.91
x       3.56    0.04   96.41
rf     99.01    0.99    0.00
i      16.47    0.16   83.37
yf     98.46    1.54    0.00
y      51.03    1.30   47.67
a     100.00    0.00    0.00
g       0.00  100.00    0.00
r       2.53    0.03   97.45



MATRIX OF CORRELATIONS
Variables         pi        x       rf        i       yf        y        a        g        r
pi            1.0000   0.9746   0.3762  -0.7015  -0.3668   0.3815  -0.3743   0.0374  -0.8739
x             0.9746   1.0000   0.1590  -0.8434  -0.1550   0.5747  -0.1582   0.0158  -0.9606
rf            0.3762   0.1590   1.0000   0.3964  -0.9750  -0.6959  -0.9950   0.0995   0.1216
i            -0.7015  -0.8434   0.3964   1.0000  -0.3865  -0.9132  -0.3944   0.0394   0.9595
yf           -0.3668  -0.1550  -0.9750  -0.3865   1.0000   0.7193   0.9923   0.1240  -0.1186
y             0.3815   0.5747  -0.6959  -0.9132   0.7193   1.0000   0.7107   0.1139  -0.7737
a            -0.3743  -0.1582  -0.9950  -0.3944   0.9923   0.7107   1.0000   0.0000  -0.1210
g             0.0374   0.0158   0.0995   0.0394   0.1240   0.1139   0.0000   1.0000   0.0121
r            -0.8739  -0.9606   0.1216   0.9595  -0.1186  -0.7737  -0.1210   0.0121   1.0000



COEFFICIENTS OF AUTOCORRELATION
Order          1
pi        0.5301
x         0.4896
rf        0.9000
i         0.5650
yf        0.9000
y         0.7194
a         0.9000
g         0.9000
r         0.4963
Total computing time : 0h00m01s
